RUNNING THE L-BFGS-B CODE

it    = iteration number
nf    = number of function evaluations
nseg  = number of segments explored during the Cauchy search
nact  = number of active bounds at the generalized Cauchy point
sub   = manner in which the subspace minimization terminated:
        con = converged, bnd = a bound was reached
itls  = number of iterations performed in the line search
stepl = step length used
tstep = norm of the displacement (total step)
projg = norm of the projected gradient
f     = function value

           * * *

Machine precision = 2.220D-16
 N =          227     M =            5

   it   nf  nseg  nact  sub  itls  stepl    tstep     projg        f
    0    1     -     -   -     -     -        -     3.886D+00  3.441D+02
    1    3   104   103  ---    1  8.1D-03  1.8D-01  3.854D+00  3.277D+02
    2    4     1     0  con    0  1.0D+00  1.2D-01  3.826D+00  3.043D+02
    3    5     1     0  con    0  1.0D+00  1.4D-01  3.538D+00  2.909D+02
    4    6     1     0  con    0  1.0D+00  2.4D-01  3.314D+00  2.768D+02
    5    7     1     0  con    0  1.0D+00  4.0D-01  3.310D+00  2.646D+02
    6    8     1     0  con    0  1.0D+00  2.4D-01  3.013D+00  2.520D+02
    7    9     1     0  con    0  1.0D+00  3.3D-01  3.152D+00  2.404D+02
    8   10     1     0  con    0  1.0D+00  3.0D-01  3.311D+00  2.331D+02
    9   11     1     0  con    0  1.0D+00  3.3D-01  3.308D+00  2.286D+02
   10   12     1     0  con    0  1.0D+00  5.7D-02  2.904D+00  2.246D+02
   11   13     1     0  con    0  1.0D+00  1.0D-01  3.313D+00  2.211D+02
   12   14     1     0  con    0  1.0D+00  1.8D-01  3.319D+00  2.177D+02
   13   15     1     0  con    0  1.0D+00  2.8D-01  3.317D+00  2.168D+02
   14   16     1     0  con    0  1.0D+00  3.6D-02  2.991D+00  2.141D+02
   15   17     1     0  con    0  1.0D+00  3.2D-02  2.950D+00  2.133D+02
   16   18     1     0  con    0  1.0D+00  1.0D-01  3.313D+00  2.120D+02
   17   19     1     0  con    0  1.0D+00  1.5D-01  3.293D+00  2.105D+02
   18   20     1     0  con    0  1.0D+00  2.3D-01  3.326D+00  2.100D+02
   19   21     1     0  con    0  1.0D+00  4.9D-02  3.317D+00  2.090D+02
   20   22     1     0  con    0  1.0D+00  2.2D-02  3.317D+00  2.086D+02
   21   23     1     0  con    0  1.0D+00  6.6D-02  3.320D+00  2.081D+02
   22   24     1     0  con    0  1.0D+00  1.2D-01  3.323D+00  2.076D+02
   23   25     1     0  con    0  1.0D+00  6.6D-02  2.840D+00  2.071D+02
   24   26     1     0  con    0  1.0D+00  3.0D-02  2.663D+00  2.068D+02
   25   27     1     0  con    0  1.0D+00  7.5D-02  3.324D+00  2.063D+02
   26   28     1     0  con    0  1.0D+00  1.4D-01  3.310D+00  2.057D+02
   27   29     1     0  con    0  1.0D+00  1.1D-01  3.328D+00  2.051D+02
   28   30     1     0  con    0  1.0D+00  1.3D-01  3.032D+00  2.044D+02
   29   31     1     0  bnd    0  1.0D+00  1.5D-01  3.242D+00  2.037D+02
   30   32     1     0  bnd    0  1.0D+00  2.3D-01  3.328D+00  2.030D+02
   31   33     1     2  bnd    0  1.0D+00  8.8D-02  3.277D+00  2.023D+02
   32   34     1     2  bnd    0  1.0D+00  1.5D-01  3.295D+00  2.014D+02
   33   35     1     1  bnd    0  1.0D+00  1.6D-01  3.324D+00  2.007D+02
   34   36     1     1  bnd    0  1.0D+00  2.0D-01  3.324D+00  2.000D+02
   35   37     1     1  bnd    0  1.0D+00  1.1D-01  3.328D+00  1.995D+02
   36   38     1     1  con    0  1.0D+00  6.8D-02  2.970D+00  1.992D+02
   37   39     1     1  bnd    0  1.0D+00  1.6D-02  2.723D+00  1.990D+02
   38   40     1     1  bnd    0  1.0D+00  5.9D-02  3.267D+00  1.987D+02
   39   41     2     2  con    0  1.0D+00  8.5D-02  3.276D+00  1.986D+02
   40   42     1     1  con    0  1.0D+00  1.8D-02  2.820D+00  1.985D+02
   41   43     1     1  con    0  1.0D+00  5.1D-02  2.681D+00  1.984D+02
   42   44     1     1  con    0  1.0D+00  5.8D-02  3.095D+00  1.982D+02
   43   45     1     1  bnd    0  1.0D+00  1.4D-01  3.242D+00  1.980D+02
   44   46     1     1  bnd    0  1.0D+00  1.2D-01  3.093D+00  1.978D+02
   45   47     1     1  con    0  1.0D+00  1.9D-02  2.225D+00  1.977D+02
   46   48     1     1  bnd    0  1.0D+00  7.3D-02  2.725D+00  1.974D+02
   47   49     2     2  bnd    0  1.0D+00  1.2D-01  3.130D+00  1.971D+02
   48   50     1     1  con    0  1.0D+00  8.2D-02  3.055D+00  1.969D+02
   49   51     1     1  bnd    0  1.0D+00  6.9D-02  2.558D+00  1.967D+02
   50   52     1     0  bnd    0  1.0D+00  5.3D-02  3.085D+00  1.966D+02
   51   53     1     0  bnd    0  1.0D+00  1.1D-01  2.939D+00  1.965D+02
   52   54     1     0  bnd    0  1.0D+00  9.3D-02  3.333D+00  1.964D+02
   53   55     1     0  con    0  1.0D+00  1.7D-02  3.077D+00  1.961D+02
   54   56     1     0  con    0  1.0D+00  3.4D-02  2.740D+00  1.960D+02
   55   57     1     0  con    0  1.0D+00  4.6D-02  2.738D+00  1.958D+02
   56   58     1     0  bnd    0  1.0D+00  1.1D-01  3.333D+00  1.956D+02
   57   59     1     0  bnd    0  1.0D+00  1.2D-01  3.333D+00  1.955D+02
   58   60     1     0  con    0  1.0D+00  1.5D-02  2.394D+00  1.953D+02
   59   61     1     0  con    0  1.0D+00  2.3D-02  3.332D+00  1.952D+02
   60   62     1     0  con    0  1.0D+00  5.7D-02  3.332D+00  1.951D+02
   61   63     1     0  con    0  1.0D+00  2.0D-01  3.107D+00  1.949D+02
   62   64     1     0  con    0  1.0D+00  5.1D-02  3.331D+00  1.947D+02
   63   65     1     0  con    0  1.0D+00  3.2D-02  2.904D+00  1.946D+02
   64   66     1     0  con    0  1.0D+00  6.3D-02  2.414D+00  1.945D+02
   65   67     1     0  con    0  1.0D+00  8.6D-02  3.092D+00  1.943D+02
   66   68     1     0  bnd    0  1.0D+00  1.5D-01  3.322D+00  1.942D+02
   67   69     1     1  con    0  1.0D+00  1.2D-02  2.217D+00  1.941D+02
   68   70     1     1  con    0  1.0D+00  2.5D-02  2.196D+00  1.940D+02
   69   71     1     0  con    0  1.0D+00  5.2D-02  2.291D+00  1.939D+02
   70   72     1     0  bnd    0  1.0D+00  1.6D-01  3.333D+00  1.938D+02
   71   73     1     0  bnd    0  1.0D+00  4.7D-02  2.348D+00  1.936D+02
   72   74     1     0  con    0  1.0D+00  2.6D-02  2.396D+00  1.935D+02
   73   75     1     0  con    0  1.0D+00  6.7D-02  2.154D+00  1.934D+02
   74   76     2     1  bnd    0  1.0D+00  1.1D-01  3.255D+00  1.933D+02
   75   77     1     1  bnd    0  1.0D+00  2.4D-01  3.206D+00  1.932D+02
   76   78     1     1  con    0  1.0D+00  1.2D-02  2.914D+00  1.930D+02
   77   79     1     1  con    0  1.0D+00  1.3D-02  2.528D+00  1.929D+02
   78   80     1     1  con    0  1.0D+00  7.9D-02  2.710D+00  1.928D+02
   79   81     1     1  bnd    0  1.0D+00  1.4D-01  3.263D+00  1.926D+02
   80   82     1     1  bnd    0  1.0D+00  2.4D-01  3.274D+00  1.925D+02
   81   83     1     3  bnd    0  1.0D+00  1.7D-02  2.338D+00  1.924D+02
   82   84     1     2  con    0  1.0D+00  1.4D-02  2.158D+00  1.923D+02
   83   85     1     1  bnd    0  1.0D+00  6.2D-02  2.207D+00  1.922D+02
   84   87     1     1  bnd    1  5.2D-01  7.4D-02  3.195D+00  1.922D+02
   85   88     1     1  con    0  1.0D+00  7.3D-02  2.087D+00  1.921D+02
   86   89     1     1  con    0  1.0D+00  6.0D-02  1.343D+00  1.921D+02
   87   90     1     0  con    0  1.0D+00  6.1D-02  2.183D+00  1.920D+02
   88   91     1     0  con    0  1.0D+00  5.8D-02  2.561D+00  1.920D+02
   89   92     1     0  con    0  1.0D+00  7.6D-03  1.259D+00  1.920D+02
   90   93     1     0  con    0  1.0D+00  1.3D-02  1.751D+00  1.919D+02
   91   94     1     0  con    0  1.0D+00  1.4D-02  2.487D+00  1.919D+02
   92   95     2     1  bnd    0  1.0D+00  5.7D-02  3.148D+00  1.919D+02
   93   96     1     1  con    0  1.0D+00  1.7D-02  2.037D+00  1.918D+02
   94   97     1     1  con    0  1.0D+00  1.6D-02  1.384D+00  1.918D+02
   95   98     1     1  con    0  1.0D+00  2.6D-02  1.565D+00  1.918D+02
   96   99     1     1  bnd    0  1.0D+00  5.2D-02  2.004D+00  1.917D+02
   97  100     1     0  bnd    0  1.0D+00  1.0D-01  3.268D+00  1.917D+02
   98  101     1     0  con    0  1.0D+00  8.6D-03  1.418D+00  1.916D+02
   99  102     1     0  con    0  1.0D+00  1.0D-02  1.286D+00  1.916D+02
  100  103     1     0  con    0  1.0D+00  2.1D-02  1.545D+00  1.916D+02
  101  104     1     0  bnd    0  1.0D+00  6.8D-02  3.172D+00  1.916D+02
  102  105     1     0  con    0  1.0D+00  1.0D-02  1.344D+00  1.915D+02
  103  106     1     0  con    0  1.0D+00  1.5D-02  1.198D+00  1.915D+02
  104  107     1     0  con    0  1.0D+00  2.5D-02  1.224D+00  1.915D+02
  105  108     1     0  con    0  1.0D+00  3.4D-02  1.610D+00  1.915D+02
  106  109     1     0  con    0  1.0D+00  4.0D-02  1.437D+00  1.914D+02
  107  110     1     0  con    0  1.0D+00  7.3D-03  7.753D-01  1.914D+02

CONVERGENCE: NORM_OF_PROJECTED_GRADIENT_<=_PGTOL            

 Total User time 1.161E+03 seconds.

